N_Amercia_c_b = {
	color = { 0 255 255 }

	provinces = {
		262 4527 2960 254 4526 255 2963 258 1939 4533 263 264 2966 4238 4723 256 257 1938 4525 260 2959 259 4523 1859 4524 4528 835 836 837 838 839 840 841 842 843 844 845 846 847 848 849 850 851 852 853 854 855 856 857 858 859 860 861 862 863 864 865 866 867 868 869 870 871 872 873 874 875 876 877 878 879 880 881 882 883 884 885 886 887 888 889 890 891 892 893 894 895 896 897 898 899 900 901 902 903 904 905 906 907 908 909 910 911 912 913 914 915 916 917 918 919 920 921 922 923 924 925 926 927 928 929 930 931 932 933 934 935 936 937 938 939 940 941 942 943 944 945 946 947 948 949 950 951 952 953 954 955 956 957 958 959 960 961 962 963 964 965 966 967 968 969 970 971 972 973 974 975 976 977 978 979 980 981 982 983 984 985 986 987 988 989 990 991 992 993 994 995 996 997 998 999 1000 1001 1002 1003 1004 1005 1006 1007 1008 1009 1010 1011 1805 1806 1807 1808 1809 1810 1811 1812 1813 1814 2003 2004 2005 2006 2007 2008 2009 2010 2011 2012 2013 2014 2015 2016 2017 2018 2019 2020 2021 2022 2023
	#AOW new provinces
	2476 2477 2478 2479 2480 2481 2482 2483 2484 2485 2486 2487 2488 2489 2490
	2491 2492 2493 2494 2495 2496 2497 2498 2499 2500 2501 2502 2503 2504 2505
	2506 2507 2508 2509 2510 2511 2512 2513 2514 2515 2516 2517 2518 2519 2520
	2521 2522 2523 2524 2525 2526 2527 2528 2529 2530 2531 2532 2533 2534 2535
	2536 2537 2538 2539 2540 2541 2542 2543 2544 2545 2546 2547 2548 2549 2550
	2551 2552 2553 2554 2555 2556 2557 2558 2559 2560 2561 2562 2563 2564 2565
	2566 2567 2568 2569 2570 2571 2572 2573 2574 2575 2576 2577 2578 2579 2580
	2581 2582 2583 2584 2585 2586 2587 2588 2589 2590 2591 2592 2593 2594 2595
 	2596 2597 2598 2599 2600 2601 2602 2603 2604 2605 2606 2607 2608 2609 2610
	2611 2612 2613 2614 2615 2616 2617 2618 2619 2620 2621 2622 2623 2624 2625
	2626 2627 2628 2629 2630 2631 2632 2633 2634 2635 2636 2637 2638 2639 2640
	2641 2642 2643 2644 2645 2646 2647 2648 2649 2650 2651 2652 2653 2654 2655
	2656 2657 2658 2659 2660 2661 2662 2663 2664 2665 2666 2667 2668 2669 2670
	2671 2672
	#Mesoamerica New Provinces
	
	4570 4571 4572 4573 4574 4575 4576 4577 4578 4579 4580 4581 4582 4583 4584 4585
	4586 4587 4588 4589 4590 4591 4592 4593 4594 4595 4597 4598 4618 4619
	4620 4621 4622 4623 4624 4625 4626 4627 4628 4629 4630 4631 4632 4633 4634 4635
	4636 4637 4638 4639 4640 4641 4642 4643 4644 4645 4646 4647 4648 4649 4650
	4606

	1551 #Mexico Tradenode
	1507 #Mississipi
	1516 #Carribean
	1500 #Chesapeake
	1486 #Hudson

	#North American Revamp new provinces
	4871 4872 4873 4874 4875 4876 4877 4878 4879 4880 4881 4882 4883 4884 4885
	4886 4887 4888 4889 4890 4891 4892 4893 4894 4895 4896 4897 4898 4899 4900
	4901 4902 4903 4904 4905 4906 4907 4908 4909 4910 4911 4912 4913 4914 4915
	4916 4917 4918 4919 4920 4921 4922 4923
	4924 4925 4926 4927 4928 4929 4930 4931 4932 4933
	481 482 483 484 485 486 487 488 489 490 491 492 493 494 495 496 497 498 499 500 501
	1881
	}

	
}



S_Amercia_c_b = {
	color = { 0 255 0 }

	provinces = {
		741 742 743 744 745 746 747 748 749 750 751 752 753 754 755 756 757 758 759 760 761
	762 763 764 765 766 768 769 772 773 775 776 777 778 779 780 781 782
	783 784 785 786 787 790 791 792 793 794 795 796 797 799 800 801 802 803
	804 805 806 807 808 809 810 811 812 813 814 815 816 817 818 819 820 821 822 823 824
	825 826 827 828 829 830 831 832 834 1802 1803 1095 1531 1544 2002 2025
	2803 2804 2805 2806 2807 2808 2809 2810 2811 2812 2813 2814 2815 2816 2817 2818 2819
	2820 2821 2822 2823 2824 2825 2826 2827 2828 2829 2830 2831 2832 2833 2834 2835 2836
	2837 2838 2839 2840 2841 2842 2843 2844 2845 2846 2847 2848 2849 2850 2851 2852 2853
	2854 2855 2857 2858 2859 2860 2861 2862 2863 2865 2866 2867 2868 2869 2870
	2871 2872 2873 2874 2875 2876 2877 2878 2879 2881 2882 2883 2884 2885 2886 2887
	2888 2889 2890 2891 2892 2893 2894
	2895 2896 2897 2898 2899 2900 2901 2902 2903 2904 2905 2906 2907 2908 2909 2910 2911
	2912 2913 2914 2915 2916 2917 2918 2919 2920 2921 2922 2923 2924 2925 2926 2927 2928
	2929 2930 2931 2933 2934 2935 2936 2937 2938 2939 2940 2941 2942 2943 2944 2945
	2946 2947
	502
	
	#mesoamerica additions	
	4596 4599 4600 4601 4602 4603 4604 4605 4607 4608 4609 4610 4611 4612 4613 4614
	4615 4616 4617
	}

	
}









S_Africa_c_b = {
	color = { 183 0 0 }

	provinces = {
		789 833 1175 1176 1177 1178 1179 1180 1181 1182 1801 1173 1800 2856 2864 2880 4781 4782 4783 4784
	}

	
}



























# Australia
colonial_australia = {
	color = { 126 20 20 }

	provinces = {
		1084 1085 1086 1087 1088 1089 1090 1091 1092 1093 1094
		1246 1109 1107 1108 1106 2726 2727 2728 2729 2730 2731
		2732 2733 2734 2735 2736 2737 2738 2739

		#Mandala Provinces
		4846 4847 4848 4849 4850 4851 4852 4853 4854 4855 4856 4857 4858
		4859 4860 4861 4862 4863 4864 4865 4866 4867 4868 4869 4939
	}

	# Specific
	names = {
		trigger = {
			OR = {
				tag = ENG
				tag = GBR
			}
		}
		name = "COLONIAL_AUSTRALIA_Australia"
	}
	names = {
		trigger = {
			OR = {
				tag = SPA
				tag = CAS
				tag = ARA
			}
		}
		name = "COLONIAL_AUSTRALIA_Tierra_Austral"
	}
	names = {
		trigger = {
			OR = {
				tag = FRA
				culture_group = french
			}
		}
		name = "COLONIAL_AUSTRALIA_Terre_Australe"
	}
	names = {
		trigger = {
			OR = {
				tag = NED
				tag = HOL
				primary_culture = dutch
			}
		}
		name = "COLONIAL_AUSTRALIA_New_Holland"
	}
	names = {
		trigger = {
			OR = {
				tag = KOR
				primary_culture = korean
				primary_culture = korean_new
			}
		}
		name = "COLONIAL_AUSTRALIA_Hoju"
	}
	# Generic
	names = {
		name = "COLONIAL_AUSTRALIA_Root_Culture_GetName_Australia"
	}
	names = {
		name = "COLONIAL_REGION_New_Root_GetName"
	}
	names = {
		name = "COLONIAL_REGION_Terra_Australis"
	}
}

# Used for RNW
colonial_placeholder_1 = {
	color = { 211 108 45 }
}

colonial_placeholder_2 = {
	color = { 152 148 183 }
}

colonial_placeholder_3 = {
	color = { 247 158 146 }
}

colonial_placeholder_4 = {
	color = { 20 107 142 }
}

colonial_placeholder_5 = {
	color = { 228 168 201 }
}

colonial_placeholder_6 = {
	color = { 13 81 174 }
}

colonial_placeholder_7 = {
	color = { 64 54 203 }
}

colonial_placeholder_8 = {
	color = { 171 41 160 }
}

colonial_placeholder_9 = {
	color = { 113 23 68 }
}

colonial_placeholder_10 = {
	color = { 95 125 183 }
}

# Used for RNW, added to support bigger tiles
colonial_placeholder_11 = {
	color = { 50 150 45 }
}

colonial_placeholder_12 = {
	color = { 200 190 20 }
}

colonial_placeholder_13 = {
	color = { 20 220 90 }
}

colonial_placeholder_14 = {
	color = { 100 50 50 }
}

colonial_placeholder_15 = {
	color = { 200 50 50 }
}

colonial_placeholder_16 = {
	color = { 30 30 60 }
}

colonial_placeholder_17 = {
	color = { 90 70 100 }
}

colonial_placeholder_18 = {
	color = { 90 140 30 }
}

colonial_placeholder_19 = {
	color = { 140 60 30 }
}

colonial_placeholder_20 = {
	color = { 140 30 70 }
}

colonial_placeholder_21 = {
	color = { 140 130 70 }
}
